5
14,29,52,95,100
4
0,0,0,0
1,6,1000,1
1,8,100,2
2,8,10,3
1,4,10,4
5
13,23,43,95,100
4
0,0,0,0
1,10,1000,1
2,10,100,2
4,10,10,3
2,8,10,4
5
11,21,41,95,100
4
0,0,0,0
3,10,1000,1
4,12,1000,2
1,6,100,3
1,8,10,4
5
10,19,38,95,100
4
0,0,0,0
3,10,1000,1
4,12,1000,2
1,6,100,3
1,8,10,4
5
10,19,38,95,100
4
0,0,0,0
1,4,10000,1
1,6,1000,2
1,8,100,3
1,10,10,4
5
10,19,37,95,100
4
0,0,0,0
1,6,10000,1
1,8,1000,2
1,10,100,3
1,12,10,4
5
11,18,35,93,100
4
0,0,0,0
1,10,10000,1
1,12,1000,2
2,6,100,3
3,4,10,4
